Begin Map
Begin Actor Class=LevelInfo Name=LevelInfo0
    TimeSeconds=85.361099
    Title="Food Wall Restaurant"
    Author="Irrational Games, LLC"
    Summary=LevelSummary'myLevel.LevelSummary'
    bHasPathNodes=True
    CameraLocationDynamic=(X=528.006836,Y=-1620.077393,Z=300.000000)
    CameraLocationTop=(X=-500.000000,Y=-300.000000,Z=40000.000000)
    CameraLocationFront=(X=-500.000000,Y=300.000000,Z=40000.000000)
    CameraLocationSide=(X=-300.000000,Y=300.000000,Z=40000.000000)
    CameraRotationDynamic=(Pitch=62864,Yaw=-93004)
    NavigationPointList=PathNode'myLevel.PathNode127'
    AmbientSaturation=0
    DistanceFogStart=500.000000
    DistanceFogEnd=2000.000000
    bLightChanged=True
    Level=LevelInfo'myLevel.LevelInfo0'
    Region=(Zone=LevelInfo'myLevel.LevelInfo0',iLeaf=-1)
    Tag="LevelInfo"
    PhysicsVolume=DefaultPhysicsVolume'myLevel.DefaultPhysicsVolume0'
    Location=(X=-136.586365,Y=12.154696)
    Name="LevelInfo0"
End Actor
Begin Actor Class=Brush Name=Brush0
    MainScale=(SheerAxis=SHEER_ZX)
    PostScale=(SheerAxis=SHEER_ZX)
    bLightChanged=True
    Level=LevelInfo'myLevel.LevelInfo0'
    Region=(Zone=ZoneInfo'myLevel.ZoneInfo0',iLeaf=94,ZoneNumber=17)
    Tag="Brush"
    Group="Cube"
    PhysicsVolume=DefaultPhysicsVolume'myLevel.DefaultPhysicsVolume0'
    Location=(X=161.000000,Y=-2063.000000,Z=112.000000)
    Begin Brush Name=Model957
       Begin PolyList
          Begin Polygon Link=0
             Origin   +00000.000000,+00000.000000,+00000.000000
             Normal   +00000.000000,+00000.000000,+00001.000000
             TextureU +00000.051215,+00000.998688,+00000.000000
             TextureV -00000.998688,+00000.051215,+00000.000000
             Vertex   -00039.000000,+00002.000000,+00080.000000
             Vertex   +00039.000000,-00002.000000,+00080.000000
             Vertex   +00039.000000,+00002.000000,+00080.000000
          End Polygon
          Begin Polygon Link=1
             Origin   +00000.000000,+00000.000000,+00000.000000
             Normal   +00000.000000,+00000.000000,+00001.000000
             TextureU -00000.051215,-00000.998688,+00000.000000
             TextureV +00000.998688,-00000.051215,+00000.000000
             Vertex   +00039.000000,-00002.000000,+00080.000000
             Vertex   -00039.000000,+00002.000000,+00080.000000
             Vertex   -00039.000000,-00002.000000,+00080.000000
          End Polygon
          Begin Polygon Link=2
             Origin   +00000.000000,+00000.000000,+00000.000000
             Normal   +00000.000000,+00000.000000,-00001.000000
             TextureU -00000.051215,-00000.998688,+00000.000000
             TextureV -00000.998688,+00000.051215,+00000.000000
             Vertex   -00039.000000,+00002.000000,-00080.000000
             Vertex   +00039.000000,-00002.000000,-00080.000000
             Vertex   -00039.000000,-00002.000000,-00080.000000
          End Polygon
          Begin Polygon Link=3
             Origin   +00000.000000,+00000.000000,+00000.000000
             Normal   +00000.000000,+00000.000000,-00001.000000
             TextureU +00000.051215,+00000.998688,+00000.000000
             TextureV +00000.998688,-00000.051215,+00000.000000
             Vertex   +00039.000000,-00002.000000,-00080.000000
             Vertex   -00039.000000,+00002.000000,-00080.000000
             Vertex   +00039.000000,+00002.000000,-00080.000000
          End Polygon
          Begin Polygon Link=4
             Origin   +00000.000000,+00000.000000,+00000.000000
             Normal   +00000.000000,-00001.000000,+00000.000000
             TextureU -00000.898876,+00000.000000,+00000.438202
             TextureV -00000.438202,+00000.000000,-00000.898876
             Vertex   -00039.000000,-00002.000000,-00080.000000
             Vertex   +00039.000000,-00002.000000,+00080.000000
             Vertex   -00039.000000,-00002.000000,+00080.000000
          End Polygon
          Begin Polygon Link=5
             Origin   +00000.000000,+00000.000000,+00000.000000
             Normal   +00000.000000,-00001.000000,+00000.000000
             TextureU +00000.898876,+00000.000000,-00000.438202
             TextureV +00000.438202,+00000.000000,+00000.898876
             Vertex   +00039.000000,-00002.000000,+00080.000000
             Vertex   -00039.000000,-00002.000000,-00080.000000
             Vertex   +00039.000000,-00002.000000,-00080.000000
          End Polygon
          Begin Polygon Link=6
             Origin   +00000.000000,+00000.000000,+00000.000000
             Normal   -00001.000000,+00000.000000,+00000.000000
             TextureU +00000.000000,+00000.999688,+00000.024992
             TextureV +00000.000000,+00000.024992,-00000.999688
             Vertex   -00039.000000,+00002.000000,-00080.000000
             Vertex   -00039.000000,-00002.000000,+00080.000000
             Vertex   -00039.000000,+00002.000000,+00080.000000
          End Polygon
          Begin Polygon Link=7
             Origin   +00000.000000,+00000.000000,+00000.000000
             Normal   -00001.000000,+00000.000000,+00000.000000
             TextureU +00000.000000,-00000.999688,-00000.024992
             TextureV +00000.000000,-00000.024992,+00000.999688
             Vertex   -00039.000000,-00002.000000,+00080.000000
             Vertex   -00039.000000,+00002.000000,-00080.000000
             Vertex   -00039.000000,-00002.000000,-00080.000000
          End Polygon
          Begin Polygon Link=8
             Origin   +00000.000000,+00000.000000,+00000.000000
             Normal   +00000.000000,+00001.000000,+00000.000000
             TextureU +00000.898876,+00000.000000,+00000.438202
             TextureV +00000.438202,+00000.000000,-00000.898876
             Vertex   +00039.000000,+00002.000000,-00080.000000
             Vertex   -00039.000000,+00002.000000,+00080.000000
             Vertex   +00039.000000,+00002.000000,+00080.000000
          End Polygon
          Begin Polygon Link=9
             Origin   +00000.000000,+00000.000000,+00000.000000
             Normal   +00000.000000,+00001.000000,+00000.000000
             TextureU -00000.898876,+00000.000000,-00000.438202
             TextureV -00000.438202,+00000.000000,+00000.898876
             Vertex   -00039.000000,+00002.000000,+00080.000000
             Vertex   +00039.000000,+00002.000000,-00080.000000
             Vertex   -00039.000000,+00002.000000,-00080.000000
          End Polygon
          Begin Polygon Link=10
             Origin   +00000.000000,+00000.000000,+00000.000000
             Normal   +00001.000000,+00000.000000,+00000.000000
             TextureU +00000.000000,-00000.999688,+00000.024992
             TextureV +00000.000000,-00000.024992,-00000.999688
             Vertex   +00039.000000,-00002.000000,-00080.000000
             Vertex   +00039.000000,+00002.000000,+00080.000000
             Vertex   +00039.000000,-00002.000000,+00080.000000
          End Polygon
          Begin Polygon Link=11
             Origin   +00000.000000,+00000.000000,+00000.000000
             Normal   +00001.000000,+00000.000000,+00000.000000
             TextureU +00000.000000,+00000.999688,-00000.024992
             TextureV +00000.000000,+00000.024992,+00000.999688
             Vertex   +00039.000000,+00002.000000,+00080.000000
             Vertex   +00039.000000,-00002.000000,-00080.000000
             Vertex   +00039.000000,+00002.000000,-00080.000000
          End Polygon
          Begin Polygon Link=12
             Origin   +00000.000000,+00000.000000,+00000.000000
             Normal   +00000.000000,+00001.000000,+00000.000000
             TextureU +00000.000000,+00000.000000,-00001.000000
             TextureV -00001.000000,+00000.000000,+00000.000000
             Vertex   -00022.000000,+00017.000000,+00080.000000
             Vertex   +00022.000000,+00017.000000,+00080.000000
             Vertex   +00022.000000,+00017.000000,-00080.000000
          End Polygon
          Begin Polygon Link=13
             Origin   +00000.000000,+00000.000000,+00000.000000
             Normal   +00000.000000,+00001.000000,+00000.000000
             TextureU +00000.000000,+00000.000000,+00001.000000
             TextureV +00001.000000,+00000.000000,+00000.000000
             Vertex   +00022.000000,+00017.000000,-00080.000000
             Vertex   -00022.000000,+00017.000000,-00080.000000
             Vertex   -00022.000000,+00017.000000,+00080.000000
          End Polygon
          Begin Polygon Link=14
             Origin   +00000.000000,+00000.000000,+00000.000000
             Normal   +00000.000000,-00001.000000,+00000.000000
             TextureU +00001.000000,+00000.000000,+00000.000000
             TextureV +00000.000000,+00000.000000,+00001.000000
             Vertex   -00022.000000,-00017.000000,+00080.000000
             Vertex   -00022.000000,-00017.000000,-00080.000000
             Vertex   +00022.000000,-00017.000000,-00080.000000
          End Polygon
          Begin Polygon Link=15
             Origin   +00000.000000,+00000.000000,+00000.000000
             Normal   +00000.000000,-00001.000000,+00000.000000
             TextureU -00001.000000,+00000.000000,+00000.000000
             TextureV +00000.000000,+00000.000000,-00001.000000
             Vertex   +00022.000000,-00017.000000,-00080.000000
             Vertex   +00022.000000,-00017.000000,+00080.000000
             Vertex   -00022.000000,-00017.000000,+00080.000000
          End Polygon
          Begin Polygon Link=16
             Origin   +00000.000000,+00000.000000,+00000.000000
             Normal   +00000.000000,+00000.000000,-00001.000000
             TextureU +00000.707107,-00000.707107,+00000.000000
             TextureV -00000.707107,-00000.707107,+00000.000000
             Vertex   -00039.000000,+00000.000000,-00080.000000
             Vertex   -00022.000000,+00017.000000,-00080.000000
             Vertex   +00022.000000,+00017.000000,-00080.000000
          End Polygon
          Begin Polygon Link=17
             Origin   +00000.000000,+00000.000000,+00000.000000
             Normal   +00000.000000,+00000.000000,-00001.000000
             TextureU -00000.707107,-00000.707107,+00000.000000
             TextureV -00000.707107,+00000.707107,+00000.000000
             Vertex   +00022.000000,+00017.000000,-00080.000000
             Vertex   +00039.000000,+00000.000000,-00080.000000
             Vertex   -00039.000000,+00000.000000,-00080.000000
          End Polygon
          Begin Polygon Link=18
             Origin   +00000.000000,+00000.000000,+00000.000000
             Normal   +00000.000000,+00000.000000,-00001.000000
             TextureU +00000.707107,+00000.707107,+00000.000000
             TextureV +00000.707107,-00000.707107,+00000.000000
             Vertex   -00022.000000,-00017.000000,-00080.000000
             Vertex   -00039.000000,+00000.000000,-00080.000000
             Vertex   +00039.000000,+00000.000000,-00080.000000
          End Polygon
          Begin Polygon Link=19
             Origin   +00000.000000,+00000.000000,+00000.000000
             Normal   +00000.000000,+00000.000000,-00001.000000
             TextureU -00000.707107,+00000.707107,+00000.000000
             TextureV +00000.707107,+00000.707107,+00000.000000
             Vertex   +00039.000000,+00000.000000,-00080.000000
             Vertex   +00022.000000,-00017.000000,-00080.000000
             Vertex   -00022.000000,-00017.000000,-00080.000000
          End Polygon
          Begin Polygon Link=20
             Origin   +00000.000000,+00000.000000,+00000.000000
             Normal   -00000.707107,+00000.707107,+00000.000000
             TextureU +00000.000000,+00000.000000,-00001.000000
             TextureV -00000.707107,-00000.707107,+00000.000000
             Vertex   -00039.000000,+00000.000000,+00080.000000
             Vertex   -00022.000000,+00017.000000,+00080.000000
             Vertex   -00022.000000,+00017.000000,-00080.000000
          End Polygon
          Begin Polygon Link=21
             Origin   +00000.000000,+00000.000000,+00000.000000
             Normal   -00000.707107,+00000.707107,+00000.000000
             TextureU +00000.000000,+00000.000000,+00001.000000
             TextureV +00000.707107,+00000.707107,+00000.000000
             Vertex   -00022.000000,+00017.000000,-00080.000000
             Vertex   -00039.000000,+00000.000000,-00080.000000
             Vertex   -00039.000000,+00000.000000,+00080.000000
          End Polygon
          Begin Polygon Link=22
             Origin   +00000.000000,+00000.000000,+00000.000000
             Normal   -00000.707107,-00000.707107,+00000.000000
             TextureU +00000.000000,+00000.000000,-00001.000000
             TextureV +00000.707107,-00000.707107,+00000.000000
             Vertex   -00022.000000,-00017.000000,+00080.000000
             Vertex   -00039.000000,+00000.000000,+00080.000000
             Vertex   -00039.000000,+00000.000000,-00080.000000
          End Polygon
          Begin Polygon Link=23
             Origin   +00000.000000,+00000.000000,+00000.000000
             Normal   -00000.707107,-00000.707107,+00000.000000
             TextureU +00000.000000,+00000.000000,+00001.000000
             TextureV -00000.707107,+00000.707107,+00000.000000
             Vertex   -00039.000000,+00000.000000,-00080.000000
             Vertex   -00022.000000,-00017.000000,-00080.000000
             Vertex   -00022.000000,-00017.000000,+00080.000000
          End Polygon
          Begin Polygon Link=24
             Origin   +00000.000000,+00000.000000,+00000.000000
             Normal   +00000.000000,+00000.000000,+00001.000000
             TextureU -00000.707107,-00000.707107,+00000.000000
             TextureV +00000.707107,-00000.707107,+00000.000000
             Vertex   +00039.000000,+00000.000000,+00080.000000
             Vertex   +00022.000000,+00017.000000,+00080.000000
             Vertex   -00022.000000,+00017.000000,+00080.000000
          End Polygon
          Begin Polygon Link=25
             Origin   +00000.000000,+00000.000000,+00000.000000
             Normal   +00000.000000,+00000.000000,+00001.000000
             TextureU +00000.707107,-00000.707107,+00000.000000
             TextureV +00000.707107,+00000.707107,+00000.000000
             Vertex   -00022.000000,+00017.000000,+00080.000000
             Vertex   -00039.000000,+00000.000000,+00080.000000
             Vertex   +00039.000000,+00000.000000,+00080.000000
          End Polygon
          Begin Polygon Link=26
             Origin   +00000.000000,+00000.000000,+00000.000000
             Normal   +00000.000000,+00000.000000,+00001.000000
             TextureU -00000.707107,+00000.707107,+00000.000000
             TextureV -00000.707107,-00000.707107,+00000.000000
             Vertex   +00022.000000,-00017.000000,+00080.000000
             Vertex   +00039.000000,+00000.000000,+00080.000000
             Vertex   -00039.000000,+00000.000000,+00080.000000
          End Polygon
          Begin Polygon Link=27
             Origin   +00000.000000,+00000.000000,+00000.000000
             Normal   +00000.000000,+00000.000000,+00001.000000
             TextureU +00000.707107,+00000.707107,+00000.000000
             TextureV -00000.707107,+00000.707107,+00000.000000
             Vertex   -00039.000000,+00000.000000,+00080.000000
             Vertex   -00022.000000,-00017.000000,+00080.000000
             Vertex   +00022.000000,-00017.000000,+00080.000000
          End Polygon
          Begin Polygon Link=28
             Origin   +00000.000000,+00000.000000,+00000.000000
             Normal   +00000.707107,+00000.707107,+00000.000000
             TextureU +00000.000000,+00000.000000,+00001.000000
             TextureV +00000.707107,-00000.707107,+00000.000000
             Vertex   +00039.000000,+00000.000000,-00080.000000
             Vertex   +00022.000000,+00017.000000,-00080.000000
             Vertex   +00022.000000,+00017.000000,+00080.000000
          End Polygon
          Begin Polygon Link=29
             Origin   +00000.000000,+00000.000000,+00000.000000
             Normal   +00000.707107,+00000.707107,+00000.000000
             TextureU +00000.000000,+00000.000000,-00001.000000
             TextureV -00000.707107,+00000.707107,+00000.000000
             Vertex   +00022.000000,+00017.000000,+00080.000000
             Vertex   +00039.000000,+00000.000000,+00080.000000
             Vertex   +00039.000000,+00000.000000,-00080.000000
          End Polygon
          Begin Polygon Link=30
             Origin   +00000.000000,+00000.000000,+00000.000000
             Normal   +00000.707107,-00000.707107,+00000.000000
             TextureU +00000.000000,+00000.000000,+00001.000000
             TextureV -00000.707107,-00000.707107,+00000.000000
             Vertex   +00022.000000,-00017.000000,-00080.000000
             Vertex   +00039.000000,+00000.000000,-00080.000000
             Vertex   +00039.000000,+00000.000000,+00080.000000
          End Polygon
          Begin Polygon Link=31
             Origin   +00000.000000,+00000.000000,+00000.000000
             Normal   +00000.707107,-00000.707107,+00000.000000
             TextureU +00000.000000,+00000.000000,-00001.000000
             TextureV +00000.707107,+00000.707107,+00000.000000
             Vertex   +00039.000000,+00000.000000,+00080.000000
             Vertex   +00022.000000,-00017.000000,+00080.000000
             Vertex   +00022.000000,-00017.000000,-00080.000000
          End Polygon
       End PolyList
    End Brush
    Brush=Model'myLevel.Model957'
    PrePivot=(X=-57.157120,Y=28.523193,Z=16.000000)
    bSelected=True
    Name="Brush0"
End Actor
Begin Actor Class=Brush Name=Brush79
    CsgOper=CSG_Subtract
    MainScale=(SheerAxis=SHEER_ZX)
    PostScale=(SheerAxis=SHEER_ZX)
    bLightChanged=True
    Level=LevelInfo'myLevel.LevelInfo0'
    Region=(Zone=ZoneInfo'myLevel.ZoneInfo2',iLeaf=57,ZoneNumber=1)
    Tag="Brush"
    PhysicsVolume=DefaultPhysicsVolume'myLevel.DefaultPhysicsVolume0'
    Location=(X=80.000000,Y=384.000000,Z=384.000000)
    Begin Brush Name=Model80
       Begin PolyList
          Begin Polygon Flags=128 Link=0
             Origin   -00208.000000,-00268.000000,-00120.000023
             Normal   -00001.000000,+00000.000000,+00000.000000
             TextureU +00000.000000,-00001.333333,+00000.000000
             TextureV +00000.000000,+00000.000000,-00001.333333
             Vertex   -02128.000000,-01024.000000,-00160.000000
             Vertex   -02128.000000,-01024.000000,+00384.000000
             Vertex   -02128.000000,+00368.000000,+00384.000000
             Vertex   -02128.000000,+00368.000000,-00160.000000
          End Polygon
          Begin Polygon Flags=128 Link=1
             Origin   +00064.000000,+00128.000000,-01672.000000
             Normal   +00000.000000,+00001.000000,+00000.000000
             TextureU +00004.000000,+00000.000000,+00000.000000
             TextureV +00000.000000,+00000.000000,-00004.000000
             Vertex   -02128.000000,+00368.000000,-00160.000000
             Vertex   -02128.000000,+00368.000000,+00384.000000
             Vertex   -01152.000000,+00368.000000,+00384.000000
             Vertex   -01152.000000,+00368.000000,-00160.000000
          End Polygon
          Begin Polygon Link=2
             Origin   -00208.000000,+00331.999878,-02039.999512
             Normal   +00001.000000,+00000.000000,+00000.000000
             TextureU +00000.000000,+00001.333333,+00000.000000
             TextureV +00000.000000,+00000.000000,-00001.333333
             Vertex   -01152.000000,+00368.000000,-00160.000000
             Vertex   -01152.000000,+00368.000000,+00384.000000
             Vertex   -01152.000000,-01024.000000,+00384.000000
             Vertex   -01152.000000,-01024.000000,-00160.000000
          End Polygon
          Begin Polygon Link=3
             Origin   -01233.500000,-00208.000000,-00105.000000
             Normal   +00000.000000,-00001.000000,+00000.000000
             TextureU +00002.000000,+00000.000000,+00000.000000
             TextureV +00000.000000,+00000.000000,-00002.000000
             Vertex   -01152.000000,-01024.000000,-00160.000000
             Vertex   -01152.000000,-01024.000000,+00384.000000
             Vertex   -02128.000000,-01024.000000,+00384.000000
             Vertex   -02128.000000,-01024.000000,-00160.000000
          End Polygon
          Begin Polygon Flags=128 Link=4
             Origin   -00128.000000,+00128.000000,+00128.000000
             Normal   +00000.000000,+00000.000000,+00001.000000
             TextureU +00000.500000,+00000.000000,+00000.000000
             TextureV +00000.000000,+00000.500000,+00000.000000
             Vertex   -02128.000000,+00368.000000,+00384.000000
             Vertex   -02128.000000,-01024.000000,+00384.000000
             Vertex   -01152.000000,-01024.000000,+00384.000000
             Vertex   -01152.000000,+00368.000000,+00384.000000
          End Polygon
          Begin Polygon Link=5
             Origin   -01232.000000,-00576.000000,+00000.000000
             Normal   +00000.000000,+00000.000000,-00001.000000
             TextureU -00002.000000,+00000.000000,+00000.000000
             TextureV +00000.000000,-00002.000000,+00000.000000
             Vertex   -02128.000000,-01024.000000,-00160.000000
             Vertex   -02128.000000,+00368.000000,-00160.000000
             Vertex   -01152.000000,+00368.000000,-00160.000000
             Vertex   -01152.000000,-01024.000000,-00160.000000
          End Polygon
       End PolyList
    End Brush
    Brush=Model'myLevel.Model80'
    PrePivot=(X=-1152.000000,Y=176.000000,Z=384.000000)
    bSelected=True
    Name="Brush79"
End Actor
Begin Actor Class=Brush Name=Brush32
    CsgOper=CSG_Subtract
    MainScale=(SheerAxis=SHEER_ZX)
    PostScale=(SheerAxis=SHEER_ZX)
    bLightChanged=True
    Level=LevelInfo'myLevel.LevelInfo0'
    Region=(Zone=ZoneInfo'myLevel.ZoneInfo2',iLeaf=57,ZoneNumber=1)
    Tag="Brush"
    PhysicsVolume=DefaultPhysicsVolume'myLevel.DefaultPhysicsVolume0'
    Location=(X=84.000000,Y=-816.000000,Z=-160.000000)
    Begin Brush Name=Model33
       Begin PolyList
          Begin Polygon Flags=128 Link=0
             Origin   -00208.000000,-00268.000000,-00120.000023
             Normal   -00001.000000,+00000.000000,+00000.000000
             TextureU +00000.000000,-00001.333333,+00000.000000
             TextureV +00000.000000,+00000.000000,-00001.333333
             Vertex   -02132.000000,-01024.000000,-00160.000000
             Vertex   -02132.000000,-01024.000000,+00384.000000
             Vertex   -02132.000000,+00368.000000,+00384.000000
             Vertex   -02132.000000,+00368.000000,-00160.000000
          End Polygon
          Begin Polygon Flags=128 Link=1
             Origin   -02212.000000,-00208.000000,+00000.000000
             Normal   +00000.000000,+00001.000000,+00000.000000
             TextureU -00001.000000,+00000.000000,+00000.000000
             TextureV +00000.000000,+00000.000000,-00001.000000
             Vertex   -02132.000000,+00368.000000,-00160.000000
             Vertex   -02132.000000,+00368.000000,+00384.000000
             Vertex   -00548.000000,+00368.000000,+00384.000000
             Vertex   -00548.000000,+00368.000000,-00160.000000
          End Polygon
          Begin Polygon Flags=128 Link=2
             Origin   -00208.000000,+00331.999878,-02039.999512
             Normal   +00001.000000,+00000.000000,+00000.000000
             TextureU +00000.000000,+00001.333333,+00000.000000
             TextureV +00000.000000,+00000.000000,-00001.333333
             Vertex   -00548.000000,+00368.000000,-00160.000000
             Vertex   -00548.000000,+00368.000000,+00384.000000
             Vertex   -00548.000000,-01024.000000,+00384.000000
             Vertex   -00548.000000,-01024.000000,-00160.000000
          End Polygon
          Begin Polygon Link=3
             Origin   -02212.000000,-00208.000000,+00000.000000
             Normal   +00000.000000,-00001.000000,+00000.000000
             TextureU +00002.000000,+00000.000000,+00000.000000
             TextureV +00000.000000,+00000.000000,-00002.000000
             Vertex   -00548.000000,-01024.000000,-00160.000000
             Vertex   -00548.000000,-01024.000000,+00384.000000
             Vertex   -02132.000000,-01024.000000,+00384.000000
             Vertex   -02132.000000,-01024.000000,-00160.000000
          End Polygon
          Begin Polygon Flags=128 Link=4
             Origin   -00128.000000,+00128.000000,+00128.000000
             Normal   +00000.000000,+00000.000000,+00001.000000
             TextureU +00000.500000,+00000.000000,+00000.000000
             TextureV +00000.000000,+00000.500000,+00000.000000
             Vertex   -02132.000000,+00368.000000,+00384.000000
             Vertex   -02132.000000,-01024.000000,+00384.000000
             Vertex   -00548.000000,-01024.000000,+00384.000000
             Vertex   -00548.000000,+00368.000000,+00384.000000
          End Polygon
          Begin Polygon Link=5
             Origin   -02208.000000,-00576.000000,+00000.000000
             Normal   +00000.000000,+00000.000000,-00001.000000
             TextureU -00002.000000,+00000.000000,+00000.000000
             TextureV +00000.000000,-00002.000000,+00000.000000
             Vertex   -02132.000000,-01024.000000,-00160.000000
             Vertex   -02132.000000,+00368.000000,-00160.000000
             Vertex   -00548.000000,+00368.000000,-00160.000000
             Vertex   -00548.000000,-01024.000000,-00160.000000
          End Polygon
       End PolyList
    End Brush
    Brush=Model'myLevel.Model33'
    PrePivot=(X=-2128.000000,Y=-1024.000000,Z=-160.000000)
    bSelected=True
    Name="Brush32"
End Actor
Begin Actor Class=DefaultPhysicsVolume Name=DefaultPhysicsVolume0
    Priority=-1000000
    bLightChanged=True
    bNoDelete=True
    Level=LevelInfo'myLevel.LevelInfo0'
    Region=(Zone=ZoneInfo'myLevel.ZoneInfo2',iLeaf=29,ZoneNumber=1)
    Tag="DefaultPhysicsVolume"
    PhysicsVolume=DefaultPhysicsVolume'myLevel.DefaultPhysicsVolume0'
    Location=(Y=256.000000)
    ColLocation=(Y=256.000000)
    bSelected=True
    Name="DefaultPhysicsVolume0"
End Actor
Begin Actor Class=Brush Name=Brush51
    CsgOper=CSG_Subtract
    MainScale=(SheerAxis=SHEER_ZX)
    PostScale=(SheerAxis=SHEER_ZX)
    bLightChanged=True
    Level=LevelInfo'myLevel.LevelInfo0'
    Region=(Zone=LevelInfo'myLevel.LevelInfo0',iLeaf=-1)
    Tag="Brush"
    PhysicsVolume=DefaultPhysicsVolume'myLevel.DefaultPhysicsVolume0'
    Location=(X=-384.000000,Y=-1472.000000,Z=64.000000)
    Begin Brush Name=Model52
       Begin PolyList
          Begin Polygon Link=0
             Origin   +00000.000000,+00000.000000,-00758.150513
             Normal   -00001.000000,+00000.000000,+00000.000000
             TextureU +00000.000000,-00002.500000,+00000.000000
             TextureV +00000.000000,+00000.000000,-00002.500000
             Vertex   -00384.000000,-01472.000000,-00128.000000
             Vertex   -00384.000000,-01472.000000,+00064.000000
             Vertex   -00384.000000,-00832.000000,+00064.000000
             Vertex   -00384.000000,-00832.000000,-00128.000000
          End Polygon
          Begin Polygon Flags=512 Link=1
             Origin   -00009.600006,+00000.000000,+00061.187538
             Normal   +00000.000000,+00001.000000,+00000.000000
             TextureU -00002.500000,+00000.000000,+00000.000000
             TextureV +00000.000000,+00000.000000,-00002.500000
             Vertex   -00384.000000,-00832.000000,-00128.000000
             Vertex   -00384.000000,-00832.000000,+00064.000000
             Vertex   +00064.000000,-00832.000000,+00064.000000
             Vertex   +00064.000000,-00832.000000,-00128.000000
          End Polygon
          Begin Polygon Link=2
             Origin   +00000.000000,+00000.000000,-00758.150513
             Normal   +00001.000000,+00000.000000,+00000.000000
             TextureU +00000.000000,-00002.500000,+00000.000000
             TextureV +00000.000000,+00000.000000,-00002.500000
             Vertex   +00064.000000,-00832.000000,-00128.000000
             Vertex   +00064.000000,-00832.000000,+00064.000000
             Vertex   +00064.000000,-01472.000000,+00064.000000
             Vertex   +00064.000000,-01472.000000,-00128.000000
          End Polygon
          Begin Polygon Link=3
             Origin   +00000.000000,+00000.000000,-00758.150513
             Normal   +00000.000000,-00001.000000,+00000.000000
             TextureU +00002.500000,+00000.000000,+00000.000000
             TextureV +00000.000000,+00000.000000,-00002.500000
             Vertex   +00064.000000,-01472.000000,-00128.000000
             Vertex   +00064.000000,-01472.000000,+00064.000000
             Vertex   -00384.000000,-01472.000000,+00064.000000
             Vertex   -00384.000000,-01472.000000,-00128.000000
          End Polygon
          Begin Polygon Link=4
             Origin   +00000.000000,+00000.000000,+00000.000000
             Normal   +00000.000000,+00000.000000,+00001.000000
             TextureU +00000.000000,-00004.000000,+00000.000000
             TextureV -00004.000000,+00000.000000,+00000.000000
             Vertex   -00384.000000,-00832.000000,+00064.000000
             Vertex   -00384.000000,-01472.000000,+00064.000000
             Vertex   +00064.000000,-01472.000000,+00064.000000
             Vertex   +00064.000000,-00832.000000,+00064.000000
          End Polygon
          Begin Polygon Link=5
             Origin   +00000.000000,+00000.000000,+00000.000000
             Normal   +00000.000000,+00000.000000,-00001.000000
             TextureU +00000.000000,+00002.000000,+00000.000000
             TextureV -00002.000000,+00000.000000,+00000.000000
             Vertex   -00384.000000,-01472.000000,-00128.000000
             Vertex   -00384.000000,-00832.000000,-00128.000000
             Vertex   +00064.000000,-00832.000000,-00128.000000
             Vertex   +00064.000000,-01472.000000,-00128.000000
          End Polygon
       End PolyList
    End Brush
    Brush=Model'myLevel.Model52'
    PrePivot=(X=-384.000000,Y=-1472.000000,Z=64.000000)
    bSelected=True
    Name="Brush51"
End Actor
Begin Actor Class=Brush Name=Brush7
    CsgOper=CSG_Subtract
    MainScale=(SheerAxis=SHEER_ZX)
    PostScale=(SheerAxis=SHEER_ZX)
    bLightChanged=True
    Level=LevelInfo'myLevel.LevelInfo0'
    Region=(Zone=ZoneInfo'myLevel.ZoneInfo7',iLeaf=63,ZoneNumber=7)
    Tag="Brush"
    PhysicsVolume=DefaultPhysicsVolume'myLevel.DefaultPhysicsVolume0'
    Location=(X=-624.000000,Y=-1728.000000,Z=-128.000000)
    Begin Brush Name=Model8
       Begin PolyList
          Begin Polygon Link=0
             Origin   -00128.000000,-00128.000000,-00316.199524
             Normal   -00001.000000,+00000.000000,+00000.000000
             TextureU +00000.000000,-00002.702703,+00000.000000
             TextureV +00000.000000,+00000.000000,-00002.702703
             Vertex   -00752.000000,-01888.000000,-00128.000000
             Vertex   -00752.000000,-01888.000000,+00064.000000
             Vertex   -00752.000000,-01152.000000,+00064.000000
             Vertex   -00752.000000,-01152.000000,-00128.000000
          End Polygon
          Begin Polygon Link=1
             Origin   -00128.000000,-00128.000000,-00316.199524
             Normal   +00000.000000,+00001.000000,+00000.000000
             TextureU -00002.702703,+00000.000000,+00000.000000
             TextureV +00000.000000,+00000.000000,-00002.702703
             Vertex   -00752.000000,-01152.000000,-00128.000000
             Vertex   -00752.000000,-01152.000000,+00064.000000
             Vertex   -00528.000000,-01152.000000,+00064.000000
             Vertex   -00528.000000,-01152.000000,-00128.000000
          End Polygon
          Begin Polygon Link=2
             Origin   -00128.000000,-00128.000000,-00316.199524
             Normal   +00001.000000,+00000.000000,+00000.000000
             TextureU +00000.000000,+00002.702703,+00000.000000
             TextureV +00000.000000,+00000.000000,-00002.702703
             Vertex   -00528.000000,-01152.000000,-00128.000000
             Vertex   -00528.000000,-01152.000000,+00064.000000
             Vertex   -00528.000000,-01888.000000,+00064.000000
             Vertex   -00528.000000,-01888.000000,-00128.000000
          End Polygon
          Begin Polygon Link=3
             Origin   -00128.000000,-00128.000000,-00316.199524
             Normal   +00000.000000,-00001.000000,+00000.000000
             TextureU +00002.702703,+00000.000000,+00000.000000
             TextureV +00000.000000,+00000.000000,-00002.702703
             Vertex   -00528.000000,-01888.000000,-00128.000000
             Vertex   -00528.000000,-01888.000000,+00064.000000
             Vertex   -00752.000000,-01888.000000,+00064.000000
             Vertex   -00752.000000,-01888.000000,-00128.000000
          End Polygon
          Begin Polygon Link=4
             Origin   -00128.000000,-00128.000000,+00000.000000
             Normal   +00000.000000,+00000.000000,+00001.000000
             TextureU +00000.000000,-00004.000000,+00000.000000
             TextureV -00004.000000,+00000.000000,+00000.000000
             Vertex   -00752.000000,-01152.000000,+00064.000000
             Vertex   -00752.000000,-01888.000000,+00064.000000
             Vertex   -00528.000000,-01888.000000,+00064.000000
             Vertex   -00528.000000,-01152.000000,+00064.000000
          End Polygon
          Begin Polygon Link=5
             Origin   -00144.000000,-00128.000000,+00000.000000
             Normal   +00000.000000,+00000.000000,-00001.000000
             TextureU +00000.000000,+00002.000000,+00000.000000
             TextureV -00002.000000,+00000.000000,+00000.000000
             Vertex   -00752.000000,-01888.000000,-00128.000000
             Vertex   -00752.000000,-01152.000000,-00128.000000
             Vertex   -00528.000000,-01152.000000,-00128.000000
             Vertex   -00528.000000,-01888.000000,-00128.000000
          End Polygon
       End PolyList
    End Brush
    Brush=Model'myLevel.Model8'
    PrePivot=(X=-752.000000,Y=-1856.000000,Z=-128.000000)
    bSelected=True
    Name="Brush7"
End Actor
Begin Actor Class=Brush Name=Brush22
    CsgOper=CSG_Subtract
    MainScale=(SheerAxis=SHEER_ZX)
    PostScale=(SheerAxis=SHEER_ZX)
    bLightChanged=True
    Level=LevelInfo'myLevel.LevelInfo0'
    Region=(Zone=LevelInfo'myLevel.LevelInfo0',iLeaf=-1)
    Tag="Brush"
    PhysicsVolume=DefaultPhysicsVolume'myLevel.DefaultPhysicsVolume0'
    Location=(X=-384.000000,Y=-2128.000000,Z=-128.000000)
    Begin Brush Name=Model23
       Begin PolyList
          Begin Polygon Link=0
             Origin   -00144.000000,+00324.500000,-01468.000000
             Normal   -00001.000000,+00000.000000,+00000.000000
             TextureU +00000.000000,-00002.000000,+00000.000000
             TextureV +00000.000000,+00000.000000,-00002.000000
             Vertex   -00528.000000,-02272.000000,-00128.000000
             Vertex   -00528.000000,-02272.000000,+00064.000000
             Vertex   -00528.000000,-01632.000000,+00064.000000
             Vertex   -00528.000000,-01632.000000,-00128.000000
          End Polygon
          Begin Polygon Link=1
             Origin   +00324.500000,-00144.000000,-01468.000000
             Normal   +00000.000000,+00001.000000,+00000.000000
             TextureU -00002.000000,+00000.000000,+00000.000000
             TextureV +00000.000000,+00000.000000,-00002.000000
             Vertex   -00528.000000,-01632.000000,-00128.000000
             Vertex   -00528.000000,-01632.000000,+00064.000000
             Vertex   -00080.000000,-01632.000000,+00064.000000
             Vertex   -00080.000000,-01632.000000,-00128.000000
          End Polygon
          Begin Polygon Link=2
             Origin   -00144.000000,-00096.000000,-02047.900024
             Normal   +00001.000000,+00000.000000,+00000.000000
             TextureU +00000.000000,+00002.666667,+00000.000000
             TextureV +00000.000000,+00000.000000,-00002.666667
             Vertex   -00080.000000,-01632.000000,-00128.000000
             Vertex   -00080.000000,-01632.000000,+00064.000000
             Vertex   -00080.000000,-02272.000000,+00064.000000
             Vertex   -00080.000000,-02272.000000,-00128.000000
          End Polygon
          Begin Polygon Link=3
             Origin   -00144.000000,-00144.000000,-02047.900024
             Normal   +00000.000000,-00001.000000,+00000.000000
             TextureU +00002.666667,+00000.000000,+00000.000000
             TextureV +00000.000000,+00000.000000,-00002.666667
             Vertex   -00080.000000,-02272.000000,-00128.000000
             Vertex   -00080.000000,-02272.000000,+00064.000000
             Vertex   -00528.000000,-02272.000000,+00064.000000
             Vertex   -00528.000000,-02272.000000,-00128.000000
          End Polygon
          Begin Polygon Link=4
             Origin   -00128.000000,+00128.000000,+00128.000000
             Normal   +00000.000000,+00000.000000,+00001.000000
             TextureU +00004.000000,+00000.000000,+00000.000000
             TextureV +00000.000000,+00004.000000,+00000.000000
             Vertex   -00528.000000,-01632.000000,+00064.000000
             Vertex   -00528.000000,-02272.000000,+00064.000000
             Vertex   -00080.000000,-02272.000000,+00064.000000
             Vertex   -00080.000000,-01632.000000,+00064.000000
          End Polygon
          Begin Polygon Link=5
             Origin   -00144.000000,-00144.000000,+00000.000000
             Normal   +00000.000000,+00000.000000,-00001.000000
             TextureU +00000.000000,+00002.000000,+00000.000000
             TextureV -00002.000000,+00000.000000,+00000.000000
             Vertex   -00528.000000,-02272.000000,-00128.000000
             Vertex   -00528.000000,-01632.000000,-00128.000000
             Vertex   -00080.000000,-01632.000000,-00128.000000
             Vertex   -00080.000000,-02272.000000,-00128.000000
          End Polygon
       End PolyList
    End Brush
    Brush=Model'myLevel.Model23'
    PrePivot=(X=-528.000000,Y=-2272.000000,Z=-128.000000)
    bSelected=True
    Name="Brush22"
End Actor
Begin Actor Class=Brush Name=Brush35
    CsgOper=CSG_Subtract
    MainScale=(SheerAxis=SHEER_ZX)
    PostScale=(SheerAxis=SHEER_ZX)
    bLightChanged=True
    Level=LevelInfo'myLevel.LevelInfo0'
    Region=(Zone=ZoneInfo'myLevel.ZoneInfo7',iLeaf=10,ZoneNumber=7)
    Tag="Brush"
    PhysicsVolume=DefaultPhysicsVolume'myLevel.DefaultPhysicsVolume0'
    Location=(X=-400.000000,Y=-1120.000000,Z=32.000000)
    Begin Brush Name=Model36
       Begin PolyList
          Begin Polygon Link=0
             Origin   -00128.000000,-00128.000000,-00128.000000
             Normal   -00001.000000,+00000.000000,+00000.000000
             TextureU +00000.000000,+00001.000000,+00000.000000
             TextureV +00000.000000,+00000.000000,-00001.000000
             Vertex   -00544.000000,-01376.000000,-00128.000000
             Vertex   -00544.000000,-01376.000000,+00032.000000
             Vertex   -00544.000000,-01296.000000,+00032.000000
             Vertex   -00544.000000,-01296.000000,-00128.000000
          End Polygon
          Begin Polygon Link=1
             Origin   -00144.000000,-00256.000000,+00000.000000
             Normal   +00000.000000,+00001.000000,+00000.000000
             TextureU -00002.000000,+00000.000000,+00000.000000
             TextureV +00000.000000,+00000.000000,-00002.000000
             Vertex   -00544.000000,-01296.000000,-00128.000000
             Vertex   -00544.000000,-01296.000000,+00032.000000
             Vertex   -00528.000000,-01296.000000,+00032.000000
             Vertex   -00528.000000,-01296.000000,-00128.000000
          End Polygon
          Begin Polygon Link=2
             Origin   +00128.000000,+00128.000000,-00128.000000
             Normal   +00001.000000,+00000.000000,+00000.000000
